n Optimized Normal
10 44 45
20 145 190
30 399 435
40 725 780
50 1219 1225
60 1679 1770
70 2337 2415
80 3115 3160
90 3950 4005
100 4914 4950
110 5824 5995
120 7020 7140
130 8232 8385
140 9720 9730
150 10769 11175
160 12684 12720
170 14229 14365
180 15957 16110
190 17490 17955
200 19872 19900
210 21935 21945
220 24024 24090
230 26325 26335
240 28449 28680
250 30774 31125
260 33660 33670
270 36287 36315
280 38940 39060
290 41800 41905
300 43625 44850
310 47642 47895
320 51012 51040
330 53544 54285
340 56810 57630
350 60334 61075
360 64344 64620
370 66612 68265
380 71982 72010
390 75702 75855
400 79590 79800
410 83520 83845
420 85575 87990
430 92045 92235
440 96202 96580
450 100920 101025
460 105560 105570
470 110149 110215
480 114894 114960
490 119574 119805
500 123424 124750
510 128570 129795
520 134534 134940
530 139932 140185
540 145509 145530
550 150870 150975
560 155992 156520
570 162155 162165
580 167739 167910
590 173689 173755
600 179375 179700
610 184034 185745
620 191887 191890
630 197859 198135
640 203885 204480
650 210715 210925
660 216480 217470
670 223737 224115
680 230299 230860
690 237405 237705
700 244215 244650
710 251575 251695
720 257409 258840
730 265589 266085
740 271285 273430
750 279335 280875
760 288354 288420
770 295569 296065
780 303069 303810
790 309170 311655
800 318610 319600
810 327345 327645
820 335262 335790
830 343899 344035
840 351750 352380
850 360705 360825
860 367479 369370
870 375669 378015
880 386130 386760
890 394120 395605
900 404319 404550
910 412269 413595
920 422530 422740
930 430659 431985
940 441177 441330
950 449344 450775
960 459192 460320
970 469500 469965
980 479674 479710
990 489177 489555
1000 499409 499500
