Toss Fair Biased
1 0.000000 1.000000
2 0.000000 0.500000
3 0.333333 0.666667
4 0.250000 0.750000
5 0.400000 0.600000
6 0.333333 0.500000
7 0.285714 0.571429
8 0.250000 0.625000
9 0.333333 0.666667
10 0.300000 0.700000
11 0.272727 0.727273
12 0.333333 0.750000
13 0.307692 0.692308
14 0.357143 0.714286
15 0.333333 0.666667
16 0.312500 0.625000
17 0.294118 0.647059
18 0.277778 0.666667
19 0.263158 0.684211
20 0.300000 0.700000
21 0.285714 0.714286
22 0.318182 0.727273
23 0.347826 0.739130
24 0.333333 0.750000
25 0.360000 0.760000
26 0.346154 0.769231
27 0.333333 0.777778
28 0.357143 0.750000
29 0.379310 0.758621
30 0.400000 0.766667
31 0.387097 0.774194
32 0.375000 0.750000
33 0.393939 0.757576
34 0.411765 0.764706
35 0.400000 0.771429
36 0.388889 0.777778
37 0.405405 0.756757
38 0.421053 0.763158
39 0.410256 0.769231
40 0.400000 0.775000
41 0.414634 0.780488
42 0.428571 0.761905
43 0.418605 0.744186
44 0.431818 0.750000
45 0.444444 0.755556
46 0.434783 0.760870
47 0.425532 0.765957
48 0.416667 0.770833
49 0.428571 0.775510
50 0.440000 0.780000
51 0.450980 0.764706
52 0.461538 0.750000
53 0.471698 0.735849
54 0.481481 0.740741
55 0.472727 0.745455
56 0.464286 0.732143
57 0.473684 0.736842
58 0.482759 0.741379
59 0.491525 0.745763
60 0.483333 0.733333
61 0.475410 0.737705
62 0.467742 0.741935
63 0.460317 0.746032
64 0.453125 0.750000
65 0.446154 0.753846
66 0.454545 0.742424
67 0.462687 0.731343
68 0.470588 0.735294
69 0.478261 0.739130
70 0.485714 0.728571
71 0.492958 0.732394
72 0.500000 0.736111
73 0.493151 0.739726
74 0.486486 0.729730
75 0.493333 0.733333
76 0.500000 0.723684
77 0.493506 0.727273
78 0.500000 0.730769
79 0.493671 0.734177
80 0.500000 0.725000
81 0.493827 0.728395
82 0.487805 0.719512
83 0.493976 0.722892
84 0.500000 0.726190
85 0.505882 0.729412
86 0.511628 0.732558
87 0.505747 0.735632
88 0.500000 0.738636
89 0.505618 0.741573
90 0.500000 0.744444
91 0.505495 0.747253
92 0.500000 0.739130
93 0.505376 0.731183
94 0.510638 0.723404
95 0.515789 0.726316
96 0.510417 0.729167
97 0.505155 0.731959
98 0.500000 0.734694
99 0.494949 0.737374
100 0.500000 0.740000
101 0.504950 0.742574
102 0.500000 0.735294
103 0.504854 0.737864
104 0.500000 0.740385
105 0.495238 0.742857
106 0.490566 0.735849
107 0.485981 0.738318
108 0.490741 0.731481
109 0.495413 0.724771
110 0.500000 0.718182
111 0.504505 0.711712
112 0.508929 0.705357
113 0.504425 0.699115
114 0.508772 0.701754
115 0.513043 0.695652
116 0.517241 0.689655
117 0.512821 0.683761
118 0.508475 0.677966
119 0.504202 0.680672
120 0.500000 0.683333
121 0.495868 0.685950
122 0.491803 0.680328
123 0.487805 0.682927
124 0.483871 0.677419
125 0.480000 0.680000
126 0.476190 0.682540
127 0.480315 0.677165
128 0.476563 0.671875
129 0.480620 0.674419
130 0.484615 0.676923
131 0.488550 0.679389
132 0.484848 0.681818
133 0.488722 0.676692
134 0.485075 0.671642
135 0.488889 0.666667
136 0.492647 0.661765
137 0.489051 0.664234
138 0.485507 0.666667
139 0.489209 0.661871
140 0.485714 0.664286
141 0.489362 0.666667
142 0.485915 0.661972
143 0.482517 0.657343
144 0.486111 0.652778
145 0.482759 0.655172
146 0.486301 0.650685
147 0.482993 0.653061
148 0.479730 0.655405
149 0.476510 0.657718
150 0.473333 0.653333
151 0.476821 0.655629
152 0.473684 0.657895
153 0.470588 0.660131
154 0.467532 0.662338
155 0.464516 0.664516
156 0.467949 0.660256
157 0.471338 0.662420
158 0.474684 0.658228
159 0.477987 0.660377
160 0.481250 0.662500
161 0.478261 0.664596
162 0.475309 0.666667
163 0.472393 0.668712
164 0.475610 0.670732
165 0.472727 0.672727
166 0.469880 0.674699
167 0.467066 0.670659
168 0.464286 0.666667
169 0.461538 0.668639
170 0.458824 0.664706
171 0.456140 0.660819
172 0.459302 0.662791
173 0.462428 0.664740
174 0.465517 0.660920
175 0.462857 0.657143
176 0.460227 0.659091
177 0.463277 0.661017
178 0.466292 0.657303
179 0.463687 0.659218
180 0.461111 0.655556
181 0.458564 0.657459
182 0.461538 0.659341
183 0.459016 0.655738
184 0.456522 0.657609
185 0.459459 0.654054
186 0.462366 0.655914
187 0.459893 0.652406
188 0.462766 0.654255
189 0.465608 0.656085
190 0.468421 0.657895
191 0.471204 0.654450
192 0.468750 0.656250
193 0.471503 0.658031
194 0.474227 0.654639
195 0.476923 0.656410
196 0.479592 0.658163
197 0.477157 0.659898
198 0.479798 0.656566
199 0.477387 0.653266
200 0.475000 0.655000
