1.000000 1.000000 12.000000 50.000000 1.000000 1.000000 4294967296.000000 0.000000 106.000000 -323.000000 2.000000 1.000000 3.000000
2.000000 0.500000 16.970563 70.710678 1.424050 2.000000 8589934592.000000 2.000000 412.000000 -320.000000 16.000000 2.000000 9.000000
3.000000 0.333333 20.784610 86.602540 1.751184 3.000000 12884901888.000000 4.754888 918.000000 -315.000000 54.000000 5.704522 27.000000
4.000000 0.250000 24.000000 100.000000 2.027919 4.000000 17179869184.000000 8.000000 1624.000000 -308.000000 128.000000 16.000000 81.000000
5.000000 0.200000 26.832816 111.803399 2.272347 5.000000 21474836480.000000 11.609640 2530.000000 -299.000000 250.000000 41.971848 243.000000
6.000000 0.166667 29.393877 122.474487 2.493774 6.000000 25769803776.000000 15.509775 3636.000000 -288.000000 432.000000 102.681405 729.000000
7.000000 0.142857 31.749016 132.287566 2.697739 7.000000 30064771072.000000 19.651484 4942.000000 -275.000000 686.000000 235.770868 2187.000000
8.000000 0.125000 33.941125 141.421356 2.887858 8.000000 34359738368.000000 24.000000 6448.000000 -260.000000 1024.000000 512.000000 6561.000000
9.000000 0.111111 36.000000 150.000000 3.066646 9.000000 38654705664.000000 28.529325 8154.000000 -243.000000 1458.000000 1058.954227 19683.000000
10.000000 0.100000 37.947332 158.113883 3.235937 10.000000 42949672960.000000 33.219281 10060.000000 -224.000000 2000.000000 2098.592396 59049.000000
11.000000 0.090909 39.799497 165.831240 3.397115 11.000000 47244640256.000000 38.053748 12166.000000 -203.000000 2662.000000 4005.223747 177147.000000
12.000000 0.083333 41.569219 173.205081 3.551260 12.000000 51539607552.000000 43.019550 14472.000000 -180.000000 3456.000000 7393.061153 531441.000000
13.000000 0.076923 43.266615 180.277564 3.699228 13.000000 55834574848.000000 48.105716 16978.000000 -155.000000 4394.000000 13245.861955 1594323.000000
14.000000 0.071429 44.899889 187.082869 3.841716 14.000000 60129542144.000000 53.302969 19684.000000 -128.000000 5488.000000 23105.545058 4782969.000000
15.000000 0.066667 46.475800 193.649167 3.979299 15.000000 64424509440.000000 58.603359 22590.000000 -99.000000 6750.000000 39342.312126 14348907.000000
16.000000 0.062500 48.000000 200.000000 4.112455 16.000000 68719476736.000000 64.000000 25696.000000 -68.000000 8192.000000 65536.000000 43046721.000000
17.000000 0.058824 49.477268 206.155281 4.241593 17.000000 73014444032.000000 69.486868 29002.000000 -35.000000 9826.000000 107007.506497 129140163.000000
18.000000 0.055556 50.911688 212.132034 4.367058 18.000000 77309411328.000000 75.058650 32508.000000 0.000000 11664.000000 171550.584717 387420489.000000
19.000000 0.052632 52.306787 217.944947 4.489152 19.000000 81604378624.000000 80.710623 36214.000000 37.000000 13718.000000 270428.590391 1162261467.000000
20.000000 0.050000 53.665631 223.606798 4.608136 20.000000 85899345920.000000 86.438562 40120.000000 76.000000 16000.000000 419718.479173 3486784401.000000
21.000000 0.047619 54.990908 229.128785 4.724239 21.000000 90194313216.000000 92.238666 44226.000000 117.000000 18522.000000 642106.172840 10460353203.000000
22.000000 0.045455 56.284989 234.520788 4.837663 22.000000 94489280512.000000 98.107496 48532.000000 160.000000 21296.000000 969264.146814 31381059609.000000
23.000000 0.043478 57.549978 239.791576 4.948587 23.000000 98784247808.000000 104.041925 53038.000000 205.000000 24334.000000 1444974.668050 94143178827.000000
24.000000 0.041667 58.787754 244.948974 5.057172 24.000000 103079215104.000000 110.039100 57744.000000 252.000000 27648.000000 2129201.612098 282429536481.000000
25.000000 0.040000 60.000000 250.000000 5.163562 25.000000 107374182400.000000 116.096405 62650.000000 301.000000 31250.000000 3103361.458491 847288609443.000000
26.000000 0.038462 61.188234 254.950976 5.267886 26.000000 111669149696.000000 122.211433 67756.000000 352.000000 35152.000000 4477101.340867 2541865828329.000000
27.000000 0.037037 62.353829 259.807621 5.370263 27.000000 115964116992.000000 128.381963 73062.000000 405.000000 39366.000000 6396960.561985 7625597484987.000000
28.000000 0.035714 63.498031 264.575131 5.470797 28.000000 120259084288.000000 134.605938 78568.000000 460.000000 43904.000000 9057373.662722 22876792454961.000000
29.000000 0.034483 64.621978 269.258240 5.569587 29.000000 124554051584.000000 140.881449 84274.000000 517.000000 48778.000000 12714570.115765 68630377364883.000000
30.000000 0.033333 65.726707 273.861279 5.666721 30.000000 128849018880.000000 147.206718 90180.000000 576.000000 54000.000000 17704040.456755 205891132094649.000000
31.000000 0.032258 66.813172 278.388218 5.762281 31.000000 133143986176.000000 153.580086 96286.000000 637.000000 59582.000000 24462373.961931 617673396283947.000000
32.000000 0.031250 67.882251 282.842712 5.856343 32.000000 137438953472.000000 160.000000 102592.000000 700.000000 65536.000000 33554432.000000 1853020188851841.000000
33.000000 0.030303 68.934752 287.228132 5.948975 33.000000 141733920768.000000 166.465006 109098.000000 765.000000 71874.000000 45707007.512069 5559060566555523.000000
34.000000 0.029412 69.971423 291.547595 6.040241 34.000000 146028888064.000000 172.973737 115804.000000 832.000000 78608.000000 61850338.755481 16677181699666570.000000
35.000000 0.028571 70.992957 295.803989 6.130201 35.000000 150323855360.000000 179.524906 122710.000000 901.000000 85750.000000 83169099.047640 50031545098999704.000000
36.000000 0.027778 72.000000 300.000000 6.218910 36.000000 154618822656.000000 186.117300 129816.000000 972.000000 93312.000000 111164778.896431 150094635296999140.000000
37.000000 0.027027 72.993150 304.138127 6.306420 37.000000 158913789952.000000 192.749775 137122.000000 1045.000000 101306.000000 147731718.366431 450283905890997380.000000
38.000000 0.026316 73.972968 308.220700 6.392778 38.000000 163208757248.000000 199.421246 144628.000000 1120.000000 109744.000000 195249442.262459 1350851717672992000.000000
39.000000 0.025641 74.939976 312.249900 6.478030 39.000000 167503724544.000000 206.130687 152334.000000 1197.000000 118638.000000 256694405.939270 4052555153018976300.000000
40.000000 0.025000 75.894664 316.227766 6.562217 40.000000 171798691840.000000 212.877124 160240.000000 1276.000000 128000.000000 335774783.338666 12157665459056929000.000000
41.000000 0.024390 76.837491 320.156212 6.645379 41.000000 176093659136.000000 219.659632 168346.000000 1357.000000 137842.000000 437092530.213586 36472996377170788000.000000
42.000000 0.023810 77.768888 324.037035 6.727553 42.000000 180388626432.000000 226.477332 176652.000000 1440.000000 148176.000000 566337644.444530 109418989131512370000.000000
43.000000 0.023256 78.689262 327.871926 6.808774 43.000000 184683593728.000000 233.329384 185158.000000 1525.000000 159014.000000 730520333.030495 328256967394537050000.000000
44.000000 0.022727 79.598995 331.662479 6.889074 44.000000 188978561024.000000 240.214991 193864.000000 1612.000000 170368.000000 938247694.115958 984770902183611200000.000000
45.000000 0.022222 80.498447 335.410197 6.968485 45.000000 193273528320.000000 247.133389 202770.000000 1701.000000 182250.000000 1200052546.014571 2954312706550833600000.000000
46.000000 0.021739 81.387960 339.116499 7.047036 46.000000 197568495616.000000 254.083850 211876.000000 1792.000000 194672.000000 1528783198.797139 8862938119652501400000.000000
47.000000 0.021277 82.267855 342.782730 7.124755 47.000000 201863462912.000000 261.065676 221182.000000 1885.000000 207646.000000 1940064284.420898 26588814358957502000000.000000
48.000000 0.020833 83.138439 346.410162 7.201667 48.000000 206158430208.000000 268.078200 230688.000000 1980.000000 221184.000000 2452840257.137437 79766443076872514000000.000000
49.000000 0.020408 84.000000 350.000000 7.277798 49.000000 210453397504.000000 275.120782 240394.000000 2077.000000 235298.000000 3090014867.487506 239299329230617530000000.000000
50.000000 0.020000 84.852814 353.553391 7.353172 50.000000 214748364800.000000 282.192809 250300.000000 2176.000000 250000.000000 3879201823.113272 717897987691852580000000.000000
51.000000 0.019608 85.697141 357.071421 7.427810 51.000000 219043332096.000000 289.293692 260406.000000 2277.000000 265302.000000 4853604002.698649 2153693963075557700000000.000000
52.000000 0.019231 86.533231 360.555128 7.501735 52.000000 223338299392.000000 296.422865 270712.000000 2380.000000 281216.000000 6053041012.852460 6461081889226672900000000.000000
53.000000 0.018868 87.361319 364.005494 7.574966 53.000000 227633266688.000000 303.579784 281218.000000 2485.000000 297754.000000 7525147601.618924 19383245667680020000000000.000000
54.000000 0.018519 88.181631 367.423461 7.647523 54.000000 231928233984.000000 310.763925 291924.000000 2592.000000 314928.000000 9326768499.374613 58149737003040055000000000.000000
55.000000 0.018182 88.994382 370.809924 7.719425 55.000000 236223201280.000000 317.974784 302830.000000 2701.000000 332750.000000 11525578684.136219 174449211009120170000000000.000000
56.000000 0.017857 89.799777 374.165739 7.790689 56.000000 240518168576.000000 325.211876 313936.000000 2812.000000 351232.000000 14201961903.148504 523347633027360570000000000.000000
57.000000 0.017544 90.598013 377.491722 7.861333 57.000000 244813135872.000000 332.474731 325242.000000 2925.000000 370386.000000 17451184569.123379 1570042899082081600000000000.000000
58.000000 0.017241 91.389277 380.788655 7.931371 58.000000 249108103168.000000 339.762898 336748.000000 3040.000000 390224.000000 21385906934.717026 4710128697246244900000000000.000000
59.000000 0.016949 92.173749 384.057287 8.000820 59.000000 253403070464.000000 347.075940 348454.000000 3157.000000 410758.000000 26139078784.135380 14130386091738735000000000000.000000
60.000000 0.016667 92.951600 387.298335 8.069695 60.000000 257698037760.000000 354.413436 360360.000000 3276.000000 432000.000000 31867272822.158600 42391158275216204000000000000.000000
61.000000 0.016393 93.722996 390.512484 8.138010 61.000000 261993005056.000000 361.774978 372466.000000 3397.000000 453962.000000 38754515549.413361 127173474825648600000000000000.000000
62.000000 0.016129 94.488094 393.700394 8.205778 62.000000 266287972352.000000 369.160171 384772.000000 3520.000000 476656.000000 47016682754.831543 381520424476945860000000000000.000000
63.000000 0.015873 95.247047 396.862697 8.273012 63.000000 270582939648.000000 376.568635 397278.000000 3645.000000 500094.000000 56906534904.194740 1144561273430837400000000000000.000000
64.000000 0.015625 96.000000 400.000000 8.339726 64.000000 274877906944.000000 384.000000 409984.000000 3772.000000 524288.000000 68719476736.000000 3433683820292512400000000000000.000000
65.000000 0.015385 96.747093 403.112887 8.405931 65.000000 279172874240.000000 391.453908 422890.000000 3901.000000 549250.000000 82800135377.910553 10301051460877538000000000000000.000000
66.000000 0.015152 97.488461 406.201920 8.471638 66.000000 283467841536.000000 398.930012 435996.000000 4032.000000 574992.000000 99549862361.286392 30903154382632611000000000000000.000000
67.000000 0.014925 98.224233 409.267639 8.536860 67.000000 287762808832.000000 406.427976 449302.000000 4165.000000 601526.000000 119435277138.105330 92709463147897834000000000000000.000000
68.000000 0.014706 98.954535 412.310563 8.601606 68.000000 292057776128.000000 413.947473 462808.000000 4300.000000 628864.000000 142997983202.671330 278128389443693520000000000000000.000000
69.000000 0.014493 99.679486 415.331193 8.665887 69.000000 296352743424.000000 421.488188 476514.000000 4437.000000 657018.000000 170865602807.570280 834385168331080490000000000000000.000000
70.000000 0.014286 100.399203 418.330013 8.729714 70.000000 300647710720.000000 429.049811 490420.000000 4576.000000 686000.000000 203764292666.717010 2503155504993241600000000000000000.000000
71.000000 0.014085 101.113797 421.307489 8.793095 71.000000 304942678016.000000 436.632045 504526.000000 4717.000000 715822.000000 242532921095.686400 7509466514979724800000000000000000.000000
72.000000 0.013889 101.823376 424.264069 8.856040 72.000000 309237645312.000000 444.234600 518832.000000 4860.000000 746496.000000 288139106899.549440 22528399544939172000000000000000000.000000
73.000000 0.013699 102.528045 427.200187 8.918558 73.000000 313532612608.000000 451.857193 533338.000000 5005.000000 778034.000000 341697342141.748600 67585198634817526000000000000000000.000000
74.000000 0.013514 103.227903 430.116263 8.980658 74.000000 317827579904.000000 459.499549 548044.000000 5152.000000 810448.000000 404489444887.288090 202755595904452570000000000000000000.000000
75.000000 0.013333 103.923048 433.012702 9.042349 75.000000 322122547200.000000 467.161402 562950.000000 5301.000000 843750.000000 477987614296.600710 608266787713357740000000000000000000.000000
76.000000 0.013158 104.613575 435.889894 9.103637 76.000000 326417514496.000000 474.842491 578056.000000 5452.000000 877952.000000 563880389253.982540 1824800363140073200000000000000000000.000000
77.000000 0.012987 105.299573 438.748219 9.164532 77.000000 330712481792.000000 482.542564 593362.000000 5605.000000 913066.000000 664101843263.325810 5474401089420219400000000000000000000.000000
78.000000 0.012821 105.981130 441.588043 9.225040 78.000000 335007449088.000000 490.261373 608868.000000 5760.000000 949104.000000 780864382867.258180 16423203268260657000000000000000000000.000000
79.000000 0.012658 106.658333 444.409721 9.285169 79.000000 339302416384.000000 497.998679 624574.000000 5917.000000 986078.000000 916695554594.451170 49269609804781973000000000000000000000.000000
80.000000 0.012500 107.331263 447.213595 9.344927 80.000000 343597383680.000000 505.754248 640480.000000 6076.000000 1024000.000000 1074479306683.732800 147808829414345930000000000000000000000.000000
81.000000 0.012346 108.000000 450.000000 9.404319 81.000000 347892350976.000000 513.527850 656586.000000 6237.000000 1062882.000000 1257502196862.077600 443426488243037730000000000000000000000.000000
82.000000 0.012195 108.664622 452.769257 9.463354 82.000000 352187318272.000000 521.319264 672892.000000 6400.000000 1102736.000000 1469505086578.075900 1330279464729113300000000000000000000000.000000
83.000000 0.012048 109.325203 455.521679 9.522036 83.000000 356482285568.000000 529.128273 689398.000000 6565.000000 1143574.000000 1714740915646.343300 3990838394187339700000000000000000000000.000000
84.000000 0.011905 109.981817 458.257569 9.580373 84.000000 360777252864.000000 536.954664 706104.000000 6732.000000 1185408.000000 1998039209600.302000 11972515182562020000000000000000000000000.000000
85.000000 0.011765 110.634533 460.977223 9.638371 85.000000 365072220160.000000 544.798230 723010.000000 6901.000000 1228250.000000 2324878035563.612800 35917545547686061000000000000000000000000.000000
86.000000 0.011628 111.283422 463.680925 9.696036 86.000000 369367187456.000000 552.658769 740116.000000 7072.000000 1272112.000000 2701464191546.769000 107752636643058170000000000000000000000000.000000
87.000000 0.011494 111.928549 466.368953 9.753373 87.000000 373662154752.000000 560.536084 757422.000000 7245.000000 1317006.000000 3134822489193.732900 323257909929174550000000000000000000000000.000000
88.000000 0.011364 112.569978 469.041576 9.810388 88.000000 377957122048.000000 568.429982 774928.000000 7420.000000 1362944.000000 3632895071616.988800 969773729787523640000000000000000000000000.000000
89.000000 0.011236 113.207774 471.699057 9.867086 89.000000 382252089344.000000 576.340275 792634.000000 7597.000000 1409938.000000 4204651796570.445300 2909321189362571100000000000000000000000000.000000
90.000000 0.011111 113.841996 474.341649 9.923473 90.000000 386547056640.000000 584.266779 810540.000000 7776.000000 1458000.000000 4860212811359.010700 8727963568087712000000000000000000000000000.000000
91.000000 0.010989 114.472704 476.969601 9.979553 91.000000 390842023936.000000 592.209312 828646.000000 7957.000000 1507142.000000 5610984550145.731400 26183890704263137000000000000000000000000000.000000
92.000000 0.010870 115.099957 479.583152 10.035333 92.000000 395136991232.000000 600.167700 846952.000000 8140.000000 1557376.000000 6469810497309.495100 78551672112789411000000000000000000000000000.000000
93.000000 0.010753 115.723809 482.182538 10.090816 93.000000 399431958528.000000 608.141769 865458.000000 8325.000000 1608714.000000 7451138182883.638700 235655016338368240000000000000000000000000000.000000
94.000000 0.010638 116.344317 484.767986 10.146008 94.000000 403726925824.000000 616.131352 884164.000000 8512.000000 1661168.000000 8571204008571.528300 706965049015104730000000000000000000000000000.000000
95.000000 0.010526 116.961532 487.339717 10.200913 95.000000 408021893120.000000 624.136283 903070.000000 8701.000000 1714750.000000 9848237646135.273400 2120895147045314200000000000000000000000000000.000000
96.000000 0.010417 117.575508 489.897949 10.255535 96.000000 412316860416.000000 632.156400 922176.000000 8892.000000 1769472.000000 11302687904889.309000 6362685441135942000000000000000000000000000000.000000
97.000000 0.010309 118.186294 492.442890 10.309879 97.000000 416611827712.000000 640.191546 941482.000000 9085.000000 1825346.000000 12957472132446.736000 19088056323407826000000000000000000000000000000.000000
98.000000 0.010204 118.793939 494.974747 10.363950 98.000000 420906795008.000000 648.241565 960988.000000 9280.000000 1882384.000000 14838251393675.008000 57264168970223483000000000000000000000000000000.000000
99.000000 0.010101 119.398492 497.493719 10.417750 99.000000 425201762304.000000 656.306305 980694.000000 9477.000000 1940598.000000 16973733867978.309000 171792506910670450000000000000000000000000000000.000000
100.000000 0.010000 120.000000 500.000000 10.471285 100.000000 429496729600.000000 664.385619 1000600.000000 9676.000000 2000000.000000 19396009115566.359000 515377520732011320000000000000000000000000000000.000000
