#n O1 Ologn On
10 1.00 3.32 10
20 1.00 4.32 20
30 1.00 4.91 30
40 1.00 5.32 40
50 1.00 5.64 50
60 1.00 5.91 60
70 1.00 6.13 70
80 1.00 6.32 80
90 1.00 6.49 90
100 1.00 6.64 100
110 1.00 6.78 110
120 1.00 6.91 120
130 1.00 7.02 130
140 1.00 7.13 140
150 1.00 7.23 150
160 1.00 7.32 160
170 1.00 7.41 170
180 1.00 7.49 180
190 1.00 7.57 190
200 1.00 7.64 200
210 1.00 7.71 210
220 1.00 7.78 220
230 1.00 7.85 230
240 1.00 7.91 240
250 1.00 7.97 250
260 1.00 8.02 260
270 1.00 8.08 270
280 1.00 8.13 280
290 1.00 8.18 290
300 1.00 8.23 300
310 1.00 8.28 310
320 1.00 8.32 320
330 1.00 8.37 330
340 1.00 8.41 340
350 1.00 8.45 350
360 1.00 8.49 360
370 1.00 8.53 370
380 1.00 8.57 380
390 1.00 8.61 390
400 1.00 8.64 400
410 1.00 8.68 410
420 1.00 8.71 420
430 1.00 8.75 430
440 1.00 8.78 440
450 1.00 8.81 450
460 1.00 8.85 460
470 1.00 8.88 470
480 1.00 8.91 480
490 1.00 8.94 490
500 1.00 8.97 500
510 1.00 8.99 510
520 1.00 9.02 520
530 1.00 9.05 530
540 1.00 9.08 540
550 1.00 9.10 550
560 1.00 9.13 560
570 1.00 9.15 570
580 1.00 9.18 580
590 1.00 9.20 590
600 1.00 9.23 600
610 1.00 9.25 610
620 1.00 9.28 620
630 1.00 9.30 630
640 1.00 9.32 640
650 1.00 9.34 650
660 1.00 9.37 660
670 1.00 9.39 670
680 1.00 9.41 680
690 1.00 9.43 690
700 1.00 9.45 700
710 1.00 9.47 710
720 1.00 9.49 720
730 1.00 9.51 730
740 1.00 9.53 740
750 1.00 9.55 750
760 1.00 9.57 760
770 1.00 9.59 770
780 1.00 9.61 780
790 1.00 9.63 790
800 1.00 9.64 800
810 1.00 9.66 810
820 1.00 9.68 820
830 1.00 9.70 830
840 1.00 9.71 840
850 1.00 9.73 850
860 1.00 9.75 860
870 1.00 9.76 870
880 1.00 9.78 880
890 1.00 9.80 890
900 1.00 9.81 900
910 1.00 9.83 910
920 1.00 9.85 920
930 1.00 9.86 930
940 1.00 9.88 940
950 1.00 9.89 950
960 1.00 9.91 960
970 1.00 9.92 970
980 1.00 9.94 980
990 1.00 9.95 990
1000 1.00 9.97 1000
